1404504147
2559849079
1692864101
650301702
898626802
1243490685
965011815
1576349521
505287588
2300962877
1852528513
2685861269
1317593875
2681288326
96534444
277412047
1850402677
864753893
2046525541
293127266
3153719946
1217591840
1636412272
81506350
791902329
2262617080
628385631
3047170915
2819049158
2445964907
1097980724
349594166
3107083529
1403223945
1553996288
2399922722
3156289622
1020351756
601111862
1918544858
2260337130
2366034001
1681283228
167474747
3170210815
2904690247
2527737483
2307245242
1788230572
1742734287
609259002
2794258304
496723824
2818431101
1025902988
1604819135
2800752733
1299128761
1617480409
2237193048
611425294
2652506675
2168187418
852660984
1155778660
1947060912
928223491
1272295744
686751244
2952200506
854078116
2531800071
2666051334
2865588776
2047864950
2958021284
455085223
496555734
1271381100
3149491897
1325659995
2827043104
2781305262
1282373269
2135043486
1349195605
1485658303
1634503163
1274179297
2753466525
2583739529
1322977395
2024228415
2464170223
1027386792
844427708
322414360
1567335218
874544429
20428702612430830153
2082102978
2432313594
2657123489
3161030745
1788167935
572694711
2905525600
2451124947
2362211401
440140665
618843449
182571017
279626262
2047015446
164864962
1592404289
190659452
1775700957
1750135767
2588955566
34389464
310036797
622819255
1366806621
2455108104
586480558
2650566080
467229293
1747742510
3109715174
2475090138
2018928433
253785492
1844410582
424716913
2463190685
2673088847
1545505860
2711155996
1451441457
675857620
196843177
3107257824
3011467600
1039805114
2910601630
2159426761
3127943560
1557742898
2800441383
1627991783
1670501119
3075847000
1616176279
223290525
1189628415
337150235
516492256
2389950090
2800032344
2191181329
933403851
2894062850
1579033444
1003414406
2596668482
2264835847
2809388089
1346796244
584674726
2639286295
1797488921
2980896451
2282356308
3071136488
2348256765
2339193759
2256008874
2212751512
318954343
151953309
1987729597
1907717953
170840886
2925901001
2221000709
2996250396
2618884063
472400143
1240419201
3043474181
1601509150
2269991344
1902368627
806363911
3019583188
1404250953
1715989253
2517439807
1411760494
2589228158
1122279680
2437261728
3139232859
1712591768
1603216221
1877789600
2009511413
2966959077
807394155
1829618186
1924486340
523713742
1310530323
1958473267
2314082494
1152996470
786175184
1095124762
2637131133
491993933
897585206
2789280619
3055732112
1682901112
955430176
2981774730
1337466430
1556664077
2348567616
249878280
1331663609
192113656
14603696
760578118
1777990575
638895762
2573928877
1988020737
574776913
2161310536
1076923228
2830487694
1405637188
424174120
1234479613
1234554289
22252007
1128111822
2185223450
2369849631
2464291001
3115759077
270463424
434719513
3058971052
2747885331
221960380
340047029
3157946460
434494993
694828659
2103793841
2566364053
2231893763
3004276852
1965893713
567991495
2649102691
1088401186
2096265369
1011448190
2287198990
1023260694
685901185
2590467336
3146421813
490652011
1224679435
1303667924
2333252971
2520502205
1298683832
31967960
667576658
307937494
268131095
953786097
2620718922
2918123763
1793795658
1098641680
2122872897
1462556586
2371527954
246634348
795096920
1917947185
540509350
