115852216
17743037
2653394383
484299758
2931477039
344019920
22846508
14816132
408241717
407439209
389244761
486123285
1549370444
565915734
39212789
3168009751
2208213149
247336587
17569065
451794452
43464556
21961093
455394859
2475624499
3097166546
3016238743
448268231
30715394
21915542
615730731
716757314
16418198
45180194
251791579
1713539653
357281598
3049483995
35731560
3181954832
299321871
606210988
1244619338
18914929
19184846
553212622
85897270
101923674
322787018
369829976
471151622
276068574
542617119
939613074
303391202
354620062
276563567
207276242
333677807
1436646128
86082294
1558942880
716237401
15501577
2361938714
230055262
214903850
52145437
27751988
1342066530
2742275191
28743486
16013581
21703369
377767508
817767468
46848725
340530692
59562268
488885138
579483994
1095421634
17281864
14209382
92638924
329794419
14837197
46828173
314080394
256831525
343106403
22053844
466147209
32946410
52296456
40654479
621289251
2419374032
480502171
364904018
2399859841
